1
2
3
4
5
6
7
8
9
10
11
12
13
14
15
16
17
18
19
21
22
23
24
25
26
27
28
29
30
31
32
33
34
35
36
37
38
39
40
41
42
43
44
45
46
47
48
49
50
51
53
54
55
56
57
58
59
60
61
62
63
64
65
66
67
68
69
70
72
73
74
75
76
77
78
79
80
81
82
83
84
85
86
87
88
89
90
91
92
93
94
95
97
98
99
100
101
102
103
104
105
106
107
108
109
110
111
112
113
114
115
116
117
118
119
120
121
122
123
124
125
126
127
128
129
130
131
132
134
135
137
140
141
142
143
145
146
147
149
150
158
165
169
181
183
186
189
193
194
196
197
200
202
203
205
206
207
210
211
212
215
221
222
223
225
228
231
234
236
238
247
250
259
260
264
267
270
273
277
278
280
282
285
286
288
289
291
292
294
296
297
298
299
301
303
305
308
310
313
314
315
317
320
321
323
332
333
334
336
338
339
344
345
346
348
349
350
352
356
358
359
361
364
365
370
371
373
374
375
377
378
379
382
383
384
387
388
390
391
394
395
396
397
398
399
400
402
403
404
405
411
417
418
419
423
425
426
427
428
430
432
435
436
442
444
445
446
447
448
449
450
451
452
453
459
464
465
468
471
472
484
485
487
488
492
494
495
497
498
502
505
513
515
516
518
519
527
535
536
537
538
539
540
541
547
548
549
550
551
554
555
556
560
563
564
566
567
570
574
579
580
583
584
586
589
590
592
595
597
598
600
603
609
613
615
616
619
621
622
623
625
626
628
632
633
635
636
639
641
642
643
644
646
649
650
653
654
655
658
659
660
663
664
665
666
668
669
670
671
672
676
677
680
681
684
686
687
689
690
693
697
700
701
703
706
707
710
711
713
715
719
721
722
723
725
726
727
728
729
742
745
747
748
750
752
753
754
756
759
761
764
765
766
767
768
769
770
771
772
773
775
776
780
782
784
787
791
792
796
797
802
803
805
807
811
813
818
819
820
826
836
840
841
845
850
852
855
858
860
866
867
868
869
871
872
873
875
876
878
879
881
884
890
891
893
901
902
903
910
912
919
923
924
925
926
927
928
930
933
934
936
937
938
939
940
941
942
943
950
955
958
960
962
963
965
966
967
970
972
974
980
986
988
989
991
992
994
995
996
997
998
999
1000
1001
1002
1003
1004
1005
1006
1007
1009
1012
1013
1014
1016
1017
1020
1021
1022
1023
1024
1028
1033
1034
1035
1042
1043
1044
1046
1048
1050
1053
1054
1055
1060
1062
1068
1069
1072
1073
1080
1081
1082
1087
1088
1090
1092
1093
1095
1097
1099
1101
1105
1107
1109
1112
1118
1120
1121
1123
1124
1126
1127
1129
1130
1131
1139
1142
1146
1150
1154
1155
1157
1158
1159
1162
1165
1166
1167
1169
1171
1172
1174
1175
1181
1183
1187
1188
1189
1190
1191
1192
1194
1195
1198
1199
1201
1202
1203
1204
1205
1206
1207
1208
1209
1210
1211
1212
1213
1214
1219
1220
1222
1227
1229
1230
1231
1233
1235
1240
1241
1244
1245
1246
1248
1256
1258
1268
1271
1272
1273
1275
1279
1282
1286
1289
1290
1291
1294
1297
1305
1306
1309
1311
1313
1317
1318
1321
1323
1338
1339
1340
1342
1343
1351
1356
1360
1362
1373
1374
1377
1379
1380
1381
1392
1396
1397
1403
1410
1412
1417
1428
1431
1437
1439
1452
1463
1466
1471
1472
1473
1477
1495
1496
1499
1506
1507
1509
1519
1524
1534
1536
1537
1539
1541
1542
1544
1546
1547
1549
1550
1551
1556
1557
1558
1564
1566
1569
1571
1578
1579
1581
1582
1583
1586
1588
1590
1593
1594
1595
1596
1602
1604
1610
1611
1624
1625
1628
1630
1632
1635
1636
1637
1638
1639
1643
1646
1654
1656
1658
1660
1661
1664
1665
1666
1667
1669
1678
1679
1681
1682
1685
1691
1693
1705
1707
1709
1713
1723
1730
1733
1739
1753
1758
1759
1761
1762
1767
1768
1770
1776
1777
1778
1783
1784
1785
1787
1792
1794
1798
1800
1802
1809
1811
1812
1816
1817
1819
1821
1823
1832
1837
1838
1839
1850
1852
1853
1859
1861
1870
1873
1877
1880
1886
1887
1889
1891
1892
1894
1895
1902
1908
1911
1918
1919
1920
1922
1923
1928
1930
1934
1937
1938
1946
1947
1949
1951
1965
1967
1969
1976
1977
1988
1994
1996
1997
1998
2000
2006
2009
2013
2015
2017
2020
2021
2023
2024
2025
2026
2028
2029
2030
2031
2032
2034
2035
2036
2037
2038
2041
2043
2045
2046
2047
2048
2051
2052
2054
2055
2059
2060
2061
2063
2064
2066
2068
2069
2070
2078
2079
2081
2082
2083
2084
2085
2086
2088
2090
2091
2092
2093
2095
2096
2097
2102
2105
2113
2114
2115
2117
2118
2120
2121
2122
2123
2124
2127
2128
2129
2135
2137
2138
2141
2142
2143
2145
2146
2147
2149
2150
2151
2152
2153
2156
2161
2162
2165
2168
2170
2171
2173
2182
2185
2187
2191
2192
2195
2196
2199
2200
2203
2205
2206
2207
2208
2209
2213
2220
2223
2228
2229
2230
2231
2237
2240
2241
2245
2246
2247
2248
2250
2253
2254
2255
2256
2257
2258
2259
2260
2264
2266
2267
2272
2273
2274
2275
2277
2278
2282
2284
2285
2286
2287
2292
2298
2299
2319
2322
2324
2328
2329
2341
2344
2346
2347
2348
2351
2360
2363
2364
2373
2374
2376
2384
2386
2391
2393
2404
2405
2406
2409
2411
2418
2431
2456
2477
2479
2487
2489
2490
2494
2496
2497
2499
2500
2502
2507
2508
2510
2519
2521
2522
2524
2525
2528
2531
2533
2534
2536
2538
2540
2553
2554
2558
2559
2560
2562
2563
2567
2573
2583
2585
2587
2588
2595
2604
2605
2606
2608
2609
2610
2612
2613
2617
2619
2624
2630
2631
2633
2635
2636
2638
2647
2660
2666
2673
2684
2685
2687
2689
2695
2701
2709
2714
2716
2738
2757
2758
2768
2770
2777
2779
2780
2782
2784
2785
2786
2789
2790
2791
2795
2796
2797
2802
2812
2813
2822
2824
2827
2830
2831
2832
2835
2837
2843
2845
2848
2849
2851
2854
2858
2864
2865
2868
2870
2871
2874
2876
2877
2882
2890
2894
2898
2899
2902
2903
2905
2906
2908
2909
2923
2927
2928
2929
2930
2935
2943
2946
2951
2962
2965
2966
2968
2979
2993
3021
3024
3026
3031
3037
3039
3041
3042
3048
3049
3050
3051
3054
3055
3057
3058
3059
3060
3063
3069
3070
3071
3072
3075
3078
3084
3086
3089
3098
3107
3115
3119
3120
3128
3130
3133
3137
3139
3142
3144
3145
3148
3152
3157
3162
3173
3181
3189
3198
3200
3201
3202
3208
3219
3220
3221
3223
3232
3234
3243
3254
3270
3277
3279
3283
3285
3295
3297
3305
3307
3309
3311
3329
3333
3337
3340
3343
3349
3350
3351
3352
3355
3356
3358
3362
3370
3383
3391
3394
3424
3427
3435
3440
3446
3452
3453
3455
3467
3475
3479
3487
3495
3496
3503
3507
3508
3509
3511
3516
3517
3521
3522
3525
3526
3528
3536
3538
3547
3565
3570
3571
3572
3575
3576
3578
3579
3587
3590
3592
3594
3595
3603
3604
3605
3614
3616
3617
3619
3620
3622
3624
3626
3627
3628
3635
3643
3644
3645
3647
3648
3650
3652
3654
3656
3657
3659
3661
3666
3670
3671
3672
3673
3674
3675
3676
3681
3686
3687
3690
3692
3693
3696
3704
3711
3716
3717
3721
3727
3728
3730
3731
3732
3735
3747
3749
3750
3751
3752
3753
3754
3757
3759
3763
3765
3771
3773
3775
3776
3784
3789
3828
3831
3838
3845
3861
3864
3870
3883
3884
3888
3889
3892
3896
3901
3908
3912
3914
3918
3925
3926
3929
3933
3935
3938
3939
3943
3948
3949
3950
3951
3955
3956
3958
3965
3967
3968
3970
3971
3975
3976
3977
3978
3982
3986
3988
3992
3994
3996
4015
4027
4030
4031
4034
4035
4036
4037
4038
4039
4041
4042
4043
4046
4048
4049
4050
4059
4060
4063
4064
4066
4067
4074
4076
4077
4079
4081
4082
4084
4086
4089
4093
4096
4100
4108
4109
4111
4115
4128
4144
4147
4150
4158
4160
4163
4173
4174
4175
4176
4178
4181
4186
4191
4196
4203
4204
4206
4215
4217
4219
4222
4240
4248
4253
4255
4256
4260
4264
4273
4275
4284
4285
4290
4295
4303
4307
4334
4336
4353
4354
4356
4363
4370
4373
4374
4376
4377
4385
4386
4388
4390
4395
4397
4402
4407
4411
4416
4417
4418
4437
4448
4450
4451
4453
4454
4476
4477
4479
4482
4483
4485
4488
4499
4501
4504
4509
4512
4515
4518
4531
4532
4538
4541
4544
4546
4549
4552
4560
4562
4564
4567
4570
4573
4576
4583
4584
4585
4587
4588
4614
4618
4619
4620
4639
4640
4641
4643
4648
4649
4650
4652
4653
4664
4667
4669
4675
4684
4686
4690
4691
4695
4699
4702
4710
4714
4716
4734
4737
4741
4745
4748
4755
4760
4761
4770
4771
4773
4776
4785
4791
4796
4804
4814
4817
4825
4835
4840
4845
4854
4855
4863
4864
4869
4879
4882
4885
4886
4898
4912
4914
4917
4920
4928
4974
4987
4992
4995
5004
5005
5020
5027
5034
5035
5038
5047
5057
5062
5085
5090
5096
5101
5109
5111
5113
5116
5121
5127
5129
5130
5135
5147
5163
5167
5170
5171
5194
5209
5213
5214
5215
5220
5229
5239
5241
5260
5261
5266
5270
5271
5299
5313
5314
5318
5319
5341
5358
5359
5370
5374
5375
5376
5380
5382
5397
5400
5401
5403
5411
5425
5426
5431
5450
5452
5463
5474
5476
5478
5487
5489
5492
5493
5495
5499
5503
5510
5518
5526
5527
5529
5534
5541
5549
5555
5556
5560
5565
5570
5571
5572
5573
5576
5577
5578
5579
5580
5581
5582
5583
5584
5586
5587
5588
5589
5590
5591
5592
5594
5595
5596
5597
5599
5600
5601
5602
5603
5613
5615
5619
5620
5623
5626
5627
5642
5644
5657
5659
5664
5670
5671
5673
5674
5687
5688
5689
5690
5691
5702
5715
5725
5736
5742
5744
5748
5751
5752
5754
5756
5762
5763
5769
5777
5783
5786
5791
5792
5793
5794
5797
5802
5803
5807
5808
5814
5827
5828
5830
5832
5835
5841
5846
5847
5852
5853
5864
5865
5866
5868
5876
5893
5898
5899
5904
5911
5921
5922
5925
5927
5929
5938
5939
5940
5941
5943
5946
5950
5951
5955
5961
5966
5967
5968
5969
5970
5973
5985
5991
5996
5998
6006
6009
6019
6020
6021
6037
6038
6041
6043
6044
6045
6049
6053
6056
6057
6060
6061
6062
6064
6068
6074
6076
6077
6079
6081
6082
6084
6086
6087
6090
6101
6106
6125
6127
6128
6137
6139
6140
6142
6146
6157
6158
6165
6172
6174
6179
6187
6189
6193
6198
6205
6208
6211
6213
6214
6215
6217
6222
6235
6239
6240
6244
6247
6248
6251
6252
6269
6270
6271
6273
6277
6281
6284
6295
6297
6298
6299
6305
6318
6333
6335
6336
6340
6341
6342
6343
6344
6345
6346
6347
6348
6349
6358
6361
6367
6374
6375
6377
6383
6398
6405
6406
6428
6429
6440
6448
6449
6455
6457
6460
6463
6467
6470
6472
6473
6474
6484
6486
6489
6499
6501
6505
6511
6516
6517
6521
6527
6531
6532
6534
6540
6542
6543
6556
6557
6558
6559
6560
6562
6563
6565
6568
6569
6578
6579
6580
6588
6590
6596
6597
6598
6604
6611
6612
6613
6617
6622
6623
6628
6634
6636
6637
6650
6656
6657
6660
6662
6665
6668
6669
6671
6676
6679
6682
6685
6687
6697
6703
6706
6708
6710
6711
6712
6713
6714
6720
6721
6722
6724
6732
6733
6734
6735
6736
6737
6738
6739
6740
6744
6749
6757
6761
6765
6768
6771
6776
6779
6780
6785
6787
6788
6790
6799
6804
6808
6810
6811
6814
6817
6823
6824
6830
6831
6832
6837
6852
6875
6877
6888
6893
6899
6905
6907
6913
6914
6919
6923
6931
6937
6938
6948
6957
6959
6964
6965
6966
6971
6974
6976
6979
6989
6992
6994
7012
7013
7014
7015
7016
7023
7032
7033
7035
7052
7054
7055
7056
7064
7067
7069
7086
7089
7091
7094
7095
7098
7099
7101
7102
7105
7108
7110
7111
7112
7114
7115
7116
7117
7118
7119
7120
7121
7122
7123
7125
7126
7143
7145
7148
7150
7154
7155
7157
7158
7159
7160
7161
7162
7163
7164
7165
7166
7167
7168
7169
7170
7171
7172
7173
7174
7176
7179
7180
7186
7191
7192
7193
7194
7201
7205
7206
7208
7214
7215
7216
7232
7234
7236
7237
7238
7239
7240
7241
7242
7244
7246
7247
7248
7249
7250
7252
7253
7254
7255
7256
7258
7262
7266
7269
7270
7272
7273
7274
7275
7276
7277
7279
7280
7281
7282
7284
7286
7289
7294
7296
7304
7306
7307
7308
7309
7310
7311
7314
7317
7318
7329
7333
7336
7338
7339
7340
7341
7342
7343
7344
7345
7346
7347
7348
7349
7350
7351
7352
7353
7354
7356
7357
7358
7359
7360
7368
7373
7378
7380
7382
7385
7388
7390
7392
7395
7402
7403
7404
7405
7419
7420
7425
7430
7435
7440
7442
7448
7450
7452
7459
7463
7467
7469
7471
7472
7480
7481
7501
7504
7507
7510
7513
7523
7530
7535
7536
7540
7541
7542
7545
7546
7548
7549
7555
7556
7559
7560
7564
7568
7572
7573
7574
7576
7579
7580
7582
7586
7589
7590
7592
7594
7595
7597
7599
7601
7604
7610
7613
7615
7616
7618
7628
7630
7643
7649
7652
7654
7657
7661
7664
7665
7666
7667
7668
7669
7670
7671
7672
7673
7675
7676
7678
7679
7680
7681
7682
7684
7685
7687
7690
7691
7693
7694
7695
7697
7699
7700
7702
7703
7709
7710
7714
7718
7719
7722
7727
7736
7738
7742
7743
7749
7750
7751
7753
7754
7757
7766
7768
7771
7773
7774
7775
7776
7777
7778
7780
7783
7784
7785
7790
7794
7797
7798
7800
7802
7808
7810
7812
7813
7815
7828
7831
7835
7836
7843
7860
7865
7867
7871
7874
7876
7879
7880
7887
7888
7889
7892
7894
7901
7905
7906
7908
7909
7918
7927
7930
7935
7938
7939
7941
7946
7952
7954
7955
7956
7961
7967
7975
7979
7984
7988
7989
7992
7995
8005
8020
8025
8032
8035
8037
8038
8039
8046
8050
8053
8057
8065
8075
8077
8078
8101
8105
8116
8122
8123
8138
8148
8154
8159
8161
8166
8167
8169
8170
8174
8180
8181
8183
8195
8197
8200
8204
8207
8210
8213
8214
8218
8220
8229
8233
8239
8243
8249
8253
8258
8263
8267
8270
8272
8273
8277
8278
8284
8286
8287
8290
8295
8297
8301
8302
8303
8304
8315
8317
8321
8324
8325
8327
8328
8331
8332
8333
8338
8339
8340
8342
8343
8344
8347
8348
8349
8354
8355
8356
8358
8360
8361
8363
8369
8377
8379
8382
8383
8384
8385
8386
8387
8388
8390
8392
8393
8394
8395
8396
8397
8401
8402
8403
8404
8405
8408
8410
8411
8412
8414
8415
8416
8417
8418
8419
8420
8421
8422
8423
8424
8425
8427
8428
8429
8430
8431
8432
8433
8434
8435
8436
8437
8438
8439
8440
8441
8442
8443
8444
8445
8446
8447
8448
8449
8450
8451
8453
8455
8456
8458
8459
8460
8462
8463
8464
8465
8467
8469
8470
8471
8472
8473
8474
8475
8476
8477
8478
8480
8482
8488
8489
8493
8495
8496
8497
8498
8501
8504
8506
8510
8512
8513
8519
8521
8525
8533
8535
8536
8541
8542
8543
8544
8545
8546
8547
8552
8553
8554
8555
8556
8561
8562
8563
8564
8566
8572
8574
8575
8583
8586
8589
8590
8591
8592
8593
8594
8595
8596
8599
8600
8602
8605
8608
8609
8610
8611
8612
8618
8620
8621
8623
8624
8625
8626
8627
8628
8629
8630
8631
8632
8636
8638
8639
8643
8644
8645
8650
8655
8657
8667
8670
8672
8676
8682
8683
8684
8695
8701
8702
8704
8708
8712
8714
8715
8717
8718
8719
8721
8724
8725
8726
8729
8730
8739
8741
8743
8751
8752
8755
8760
8785
8791
8792
8795
8797
8799
8803
8804
8805
8806
8807
8808
8811
8813
8823
8826
8843
8846
8847
8848
8855
8868
8877
8880
8882
8889
8897
8919
8930
8932
8933
8934
8947
8948
8949
8950
8951
8952
8958
8959
8964
8966
8967
8968
8969
8971
8972
8976
8977
8978
8986
8987
8991
8993
8994
8998
9000
9001
9002
9005
9006
9009
9013
9015
9016
9017
9018
9020
9021
9023
9029
9030
9031
9032
9035
9036
9039
9040
9041
9044
9045
9046
9048
9049
9050
9052
9053
9054
9055
9056
9057
9058
9059
9060
9061
9062
9063
9064
9065
9066
9067
9068
9069
9070
9071
9072
9073
9074
9075
9076
9077
9078
9079
9080
9081
9082
9083
9084
9085
9086
9087
9088
9089
9090
9091
9096
9097
9100
9101
9102
9103
9105
9106
9107
9108
9109
9110
9111
9112
9114
9115
9116
9117
9122
9123
9125
9126
9127
9128
9130
9131
9132
9133
9134
9139
9140
9142
9143
9144
9149
9150
9153
9154
9155
9156
9158
9159
9160
9161
9162
9164
9165
9166
9168
9169
9170
9171
9172
9174
9175
9176
9177
9178
9180
9181
9182
9183
9184
9185
9187
9190
9191
9192
9193
9194
9197
9198
9200
9201
9203
9204
9205
9206
9207
9208
9209
9210
9211
9212
9214
9218
9222
9223
9224
9225
9227
9228
9229
9230
9231
9233
9234
9235
9237
9238
9239
9240
9241
9242
9243
9244
9245
9246
9247
9250
9256
9257
9258
9259
9260
9263
9264
9265
9266
9268
9269
9270
9272
9273
9274
9275
9279
9281
9282
9283
9287
9291
9292
9293
9294
9296
9297
9298
9299
9301
9303
9304
9305
9307
9308
9310
9311
9313
9314
9315
9317
9319
9321
9323
9324
9325
9326
9327
9328
9329
9330
9331
9332
9335
9336
9339
9345
9358
9360
9362
9365
9367
9369
9375
9378
9385
9391
9397
9398
9414
9415
9417
9420
9422
9423
9424
9426
9429
9430
9431
9432
9434
9436
9437
9439
9440
9446
9447
9450
9451
9452
9456
9458
9459
9460
9463
9468
9474
9477
9478
9480
9482
9485
9488
9489
9490
9492
9494
9495
9496
9497
9498
9499
9500
9501
9502
9503
9504
9505
9506
9507
9509
9510
9512
9515
9516
9524
9525
9527
9529
9530
9531
9532
9533
9534
9536
9538
9539
9542
9546
9547
9549
9560
9565
9566
9568
9570
9574
9575
9577
9584
9587
9591
9595
9601
9602
9603
9612
9616
9617
9620
9621
9622
9624
9627
9629
9636
9638
9641
9643
9645
9652
9654
9657
9658
9659
9660
9661
9662
9663
9664
9665
9666
9667
9668
9669
9670
9671
9672
9673
9674
9675
9676
9677
9678
9679
9680
9681
9682
9683
9684
9685
9686
9687
9688
9689
9690
9691
9692
9693
9694
9695
9696
9697
9699
9700
9701
9704
9705
9706
9707
9708
9709
9710
9711
9712
9713
9714
9716
9717
9718
9719
9720
9721
9722
9723
9724
9725
9726
9727
9728
9729
9730
9731
9732
9734
9735
9736
9737
9738
9739
9740
9741
9742
9743
9744
9745
9746
9747
9748
9749
9750
9751
9752
9753
